15906133816
15906203816
15906213816
15906223816
15906233816
15906243816
15906253816
15906263816
15950003816
15950013816
15950023816
15950033816
15950043816
15950053816
15950063816
15950073816
15950083816
15950093816
15950153816
15950163816
15950173816
15950183816
15950193816
15950903816
15950913816
15950923816
15950933816
15950943816
15950953816
15950963816
15950973816
15950983816
15950993816
15951103816
15951113816
15951123816
15951133816
15951183816
15952403816
15952413816
15952423816
15952433816
15952443816
15952453816
15962103816
15962113816
15962123816
15962133816
15962143816
15962153816
15962163816
15962173816
15962183816
15962193816
15962203816
15962213816
15962223816
15962233816
15962243816
15962253816
15962263816
15962273816
15962283816
15962293816
15962303816
15962313816
15962323816
15962333816
15962343816
15962353816
15962363816
15962373816
15962383816
15962393816
15962403816
15962413816
15962423816
15962433816
15962443816
15962453816
15962463816
15962473816
15962483816
15962493816
15962503816
15962513816
15962523816
15962533816
15962543816
15962553816
15962563816
15962573816
15962583816
15962593816
15962603816
15962613816
15962623816
15962633816
15962643816
15962653816
15962663816
15962673816
15962683816
15962693816
15995403816
15995413816
15995423816
15995433816
15995443816
15995453816
15995463816
15995473816
15995483816
15995493816
15995503816
15995513816
15995523816
15995533816
15995543816
15995553816
15995563816
15995573816
15995583816
15995593816
15995603816
15995613816
15995623816
15995633816
15995643816
15995653816
15995663816
15995673816
15995683816
15995693816
15995703816
15995713816
15995723816
15995733816
15995743816
15995753816
15995763816
15995773816
15995783816
15995793816
15995803816
15995813816
15995823816
15995833816
15995843816
15995853816
15995863816
15995873816
15995883816
15995893816
15995903816
15995913816
15995923816
15995933816
15995943816
15995953816
15995963816
15995973816
15995983816
15995993816